60
55
95
23
16
10
92
92
62
88
67
2
35
41
22
39
60
93
76
33
97
58
40
56
59
2
32
41
67
39
67
95
99
51
28
64
44
21
99
18
84
80
87
61
75
33
46
18
52
55
12
14
8
59
86
10
81
18
84
18
98
45
39
23
57
48
29
18
72
47
86
92
64
77
59
69
30
2
46
58
84
20
50
22
8
26
39
0
65
66
54
75
71
85
66
7
69
14
45
49
53
72
18
73
88
56
60
36
90
98
96
70
88
20
18
69
97
42
30
45
90
41
75
99
6
76
92
17
63
40
13
85
22
12
5
30
8
17
10
20
9
83
15
50
69
30
79
31
22
51
39
22
29
64
90
92
90
64
61
69
87
95
48
14
18
15
40
86
74
91
59
62
43
21
35
19
10
66
54
72
81
57
74
94
65
95
47
69
17
75
1
75
50
95
67
60
84
53
48
29
52
23
50
71
10
18
72
32
24
94
62
60
0
89
7
22
70
65
92
34
97
16
8
64
47
23
38
87
61
23
71
0
70
96
1
57
80
51
11
22
45
16
56
31
68
81
58
8
32
95
94
6
34
63
70
48
10
28
48
78
49
47
27
26
62
59
80
49
27
77
2
56
67
33
51
20
9
63
31
19
12
84
80
90
98
0
3
74
4
69
33
31
8
83
46
47
26
40
96
34
97
10
98
19
57
84
72
57
42
74
18
68
65
50
91
39
47
11
3
2
4
91
18
96
85
22
82
84
45
3
89
42
26
60
83
74
28
2
50
76
60
30
63
22
59
30
2
63
58
1
26
93
22
38
79
83
33
12
53
89
59
3
78
0
40
30
65
33
83
7
58
78
20
75
46
26
22
67
11
35
35
84
92
90
38
98
31
30
48
53
61
4
5
77
8
71
93
21
68
65
26
2
15
83
47
17
23
15
59
87
98
91
2
6
86
33
25
6
95
26
98
78
76
0
58
36
58
93
50
87
53
17
85
72
50
12
80
17
50
13
97
91
0
19
6
58
70
63
90
43
70
39
70
9
16
54
42
41
57
60
91
21
58
17
49
85
31
59
10
58
79
93
52
46
92
51
65
0
73
59
57
76
61
65
70
84
36
36
45
36
88
90
24
20
52
34
28
72
89
61
52
3
30
82
53
85
67
43
69
24
84
62
67
31
43
36
84
26
51
61
36
57
20
73
68
39
40
80
17
90
32
93
35
58
16
29
59
8
85
2
71
11
89
71
11
1
37
56
81
67
47
10
58
95
28
34
36
78
68
73
97
51
45
13
7
99
75
25
86
99
93
66
2
39
9
6
45
93
66
8
92
27
95
66
19
2
21
69
96
45
53
28
22
26
64
40
63
60
92
78
58
37
12
62
56
30
77
16
69
61
31
6
27
51
11
18
44
36
86
10
28
20
16
58
51
84
44
13
84
14
4
89
36
18
85
21
51
7
7
8
12
34
23
92
20
25
31
85
84
3
68
69
8
36
7
77
24
33
73
10
55
74
93
81
99
36
12
32
68
30
21
35
57
59
87
96
48
79
27
44
51
88
22
86
47
95
64
89
22
12
5
29
49
95
84
87
31
13
67
51
70
95
13
92
32
61
27
28
51
64
83
45
85
82
61
24
50
35
57
28
20
86
37
83
25
21
54
38
1
86
71
87
27
14
53
68
1
68
78
45
57
92
58
67
59
54
57
85
69
7
56
61
34
82
80
56
98
68
61
14
20
6
3
2
45
4
59
74
5
27
4
51
61
39
26
19
68
60
5
63
4
55
48
13
8
86
95
28
31
92
39
80
84
86
4
84
41
63
29
10
63
64
70
54
80
25
86
31
0
55
37
40
14
15
16
58
35
16
41
7
41
1
94
47
33
58
17
47
15
49
6
13
64
20
28
74
30
79
54
35
0
36
94
38
60
16
78
8
82
36
40
85
80
16
88
28
64
25
75
82
35
49
5
46
26
42
93
3
35
71
35
38
51
35
92
86
34
40
21
33
37
19
80
90
27
47
7
90
0
96
41
45
8
3
72
17
55
32
85
9
42
83
59
88
17
55
58
40
68
37
12
4
73
53
74
66
52
92
77
81
93
91
65
59
55
63
94
87
98
18
82
60
32
50
7
33
38
57
61
52
58
22
57
14
21
22
21
20
9
98
57
38
40
81
59
38
96
10
51
64
12
82
25
15
33
76
63
23
87
69
56
26
31
35
15
1
17
85
86
14
75
33
34
13
76
67
0
68
71
54
18
26
24
86
64
12
17
41
31
31
